5.13741
5.56698 139.675
5.99655 139.675
6.42612 139.675
6.85569 139.675
7.30848 132.512
7.74966 135.999
8.19084 135.999
8.6088 143.555
9.03837 139.675
9.46794 139.675
9.89751 139.675
10.3271 139.675
10.7566 139.675
11.1862 139.675
11.6158 139.675
12.0454 139.675
12.4749 139.675
12.9045 139.675
13.3341 139.675
13.7636 139.675
14.1932 139.675
14.646 132.512
15.0872 135.999
15.5283 135.999
15.8302 198.768
16.3759 109.957
16.8054 139.675
17.235 139.675
17.6646 139.675
18.0941 139.675
18.5237 139.675
18.9533 139.675
19.3829 139.675
19.8124 139.675
20.242 139.675
20.6716 139.675
21.1244 132.512
21.5655 135.999
22.0067 135.999
22.4247 143.555
22.8542 139.675
23.2838 139.675
23.7134 139.675
24.1429 139.675
24.5725 139.675
25.0021 139.675
25.4317 139.675
25.8612 139.675
26.2908 139.675
26.7204 139.675
27.1499 139.675
27.5795 139.675
28.0091 139.675
28.4619 132.512
28.903 135.999
29.3442 135.999
29.7622 143.555
30.1917 139.675
30.6213 139.675
31.0509 139.675
31.4805 139.675
31.91 139.675
32.3396 139.675
32.7692 139.675
33.1987 139.675
33.6283 139.675
34.0579 139.675
34.4874 139.675
34.917 139.675
35.3698 132.512
35.811 135.999
36.2522 135.999
36.6701 143.555
37.0997 139.675
37.5293 139.675
37.9588 139.675
38.3884 139.675
38.818 139.675
39.2475 139.675
39.6771 139.675
40.1067 139.675
40.5362 139.675
40.9658 139.675
41.3954 139.675
41.8249 139.675
42.2777 132.512
42.7189 135.999
43.1601 135.999
43.578 143.555
44.0076 139.675
44.4372 139.675
44.8668 139.675
45.2963 139.675
45.7259 139.675
46.1555 139.675
46.585 139.675
47.0146 139.675
47.4442 139.675
47.8737 139.675
48.3033 139.675
48.7329 139.675
49.1624 139.675
49.592 139.675
50.0448 132.512
50.486 135.999
50.9272 135.999
51.3451 143.555
51.7747 139.675
52.2043 139.675
52.6338 139.675
53.0634 139.675
53.493 139.675
53.9225 139.675
54.3521 139.675
54.7817 139.675
55.2112 139.675
55.6408 139.675
56.0704 139.675
56.5 139.675
56.9527 132.512
57.3939 135.999
57.8351 135.999
58.2531 143.555
58.6826 139.675
59.1122 139.675
59.5418 139.675
59.9713 139.675
60.4009 139.675
60.8305 139.675
61.26 139.675
61.6896 139.675
62.1192 139.675
62.5488 139.675
62.9783 139.675
63.4079 139.675
63.8607 132.512
64.3019 135.999
64.743 135.999
65.161 143.555
65.5906 139.675
66.0201 139.675
66.4497 139.675
66.8793 139.675
67.3088 139.675
67.7384 139.675
68.168 139.675
68.5976 139.675
69.0271 139.675
69.4567 139.675
69.8863 139.675
70.3158 139.675
70.7454 139.675
71.175 139.675
71.6278 132.512
72.0689 135.999
72.5101 135.999
72.9281 143.555
73.3576 139.675
73.7872 139.675
74.2168 139.675
74.6463 139.675
75.0759 139.675
75.5055 139.675
75.9351 139.675
76.3646 139.675
76.7942 139.675
77.2238 139.675
77.6533 139.675
78.0829 139.675
78.5357 132.512
78.9769 135.999
79.418 135.999
79.836 143.555
80.2656 139.675
80.6951 139.675
81.1247 139.675
81.5543 139.675
81.9839 139.675
82.4134 139.675
82.843 139.675
83.2726 139.675
83.7021 139.675
84.1317 139.675
84.5613 139.675
84.9908 139.675
85.4436 132.512
85.8848 135.999
86.326 135.999
86.7439 143.555
87.1735 139.675
87.6031 139.675
88.0327 139.675
88.4622 139.675
88.8918 139.675
89.3214 139.675
89.7509 139.675
90.1805 139.675
90.6101 139.675
91.0396 139.675
91.4692 139.675
91.8988 139.675
92.3283 139.675
92.7579 139.675
93.2107 132.512
93.6519 135.999
94.0931 135.999
94.511 143.555
94.9406 139.675
95.3702 139.675
95.7997 139.675
96.2293 139.675
96.6589 139.675
97.0884 139.675
97.518 139.675
97.9476 139.675
98.3771 139.675
98.8067 139.675
99.2363 139.675
99.6659 139.675
100.119 132.512
100.56 135.999
101.001 135.999
101.442 135.999
101.86 143.555
102.266 147.656
102.684 143.555
103.102 143.555
103.544 135.999
103.996 132.512
104.438 135.999
104.879 135.999
105.32 135.999
105.738 143.555
106.167 139.675
106.597 139.675
107.027 139.675
107.456 139.675
107.886 139.675
108.315 139.675
108.745 139.675
109.174 139.675
109.604 139.675
110.034 139.675
110.463 139.675
110.893 139.675
111.322 139.675
111.752 139.675
112.205 132.512
112.646 135.999
113.087 135.999
113.528 135.999
113.946 143.555
114.352 147.656
114.77 143.555
115.188 143.555
115.63 135.999
116.082 132.512
116.524 135.999
116.965 135.999
117.406 135.999
117.824 143.555
118.253 139.675
118.683 139.675
119.113 139.675
119.542 139.675
119.972 139.675
120.401 139.675
120.831 139.675
121.26 139.675
121.69 139.675
122.12 139.675
122.549 139.675
122.979 139.675
123.431 132.512
123.873 135.999
124.314 135.999
124.732 143.555
125.161 139.675
125.591 139.675
126.02 139.675
126.45 139.675
126.88 139.675
127.309 139.675
127.739 139.675
128.168 139.675
128.598 139.675
129.027 139.675
129.457 139.675
129.887 139.675
130.316 139.675
130.746 139.675
131.175 139.675
131.605 139.675
132.058 132.512
132.499 135.999
132.94 135.999
133.358 143.555
133.788 139.675
134.217 139.675
134.647 139.675
135.076 139.675
135.506 139.675
135.935 139.675
136.365 139.675
136.795 139.675
137.224 139.675
137.654 139.675
138.083 139.675
138.513 139.675
138.966 132.512
139.407 135.999
139.848 135.999
140.266 143.555
140.696 139.675
141.125 139.675
141.555 139.675
141.984 139.675
142.414 139.675
142.843 139.675
143.273 139.675
143.702 139.675
144.132 139.675
144.562 139.675
144.991 139.675
145.421 139.675
145.85 139.675
146.303 132.512
146.744 135.999
147.185 135.999
147.603 143.555
148.033 139.675
148.463 139.675
148.892 139.675
149.322 139.675
149.751 139.675
150.181 139.675
150.61 139.675
151.04 139.675
151.47 139.675
151.899 139.675
152.329 139.675
152.758 139.675
153.188 139.675
153.641 132.512
154.082 135.999
154.523 135.999
154.941 143.555
155.371 139.675
155.8 139.675
156.23 139.675
156.659 139.675
157.089 139.675
157.518 139.675
157.948 139.675
158.378 139.675
158.807 139.675
159.237 139.675
159.689 132.512
160.131 135.999
160.572 135.999
160.99 143.555
161.419 139.675
161.849 139.675
162.278 139.675
162.708 139.675
163.138 139.675
163.567 139.675
163.997 139.675
164.426 139.675
164.856 139.675
165.285 139.675
165.715 139.675
166.145 139.675
166.574 139.675
167.004 139.675
167.457 132.512
167.898 135.999
168.339 135.999
168.757 143.555
169.186 139.675
169.616 139.675
170.046 139.675
170.475 139.675
170.905 139.675
171.334 139.675
171.764 139.675
172.193 139.675
172.623 139.675
173.053 139.675
173.482 139.675
173.912 139.675
174.341 139.675
174.794 132.512
175.235 135.999
175.676 135.999
176.094 143.555
176.524 139.675
176.953 139.675
177.383 139.675
177.813 139.675
178.242 139.675
178.672 139.675
179.101 139.675
179.531 139.675
179.96 139.675
180.39 139.675
180.82 139.675
181.249 139.675
181.679 139.675
182.132 132.512
182.573 135.999
183.014 135.999
183.432 143.555
183.861 139.675
184.291 139.675
184.721 139.675
185.15 139.675
185.58 139.675
186.009 139.675
186.439 139.675
186.868 139.675
187.298 139.675
187.728 139.675
188.157 139.675
188.587 139.675
189.039 132.512
189.481 135.999
189.922 135.999
190.34 143.555
190.769 139.675
191.199 139.675
191.628 139.675
192.058 139.675
192.488 139.675
192.917 139.675
193.347 139.675
193.776 139.675
194.206 139.675
194.635 139.675
195.065 139.675
195.495 139.675
195.947 132.512
196.389 135.999
196.83 135.999
197.248 143.555
197.677 139.675
198.107 139.675
198.536 139.675
198.966 139.675
199.396 139.675
199.825 139.675
200.255 139.675
200.684 139.675
201.114 139.675
201.543 139.675
201.973 139.675
202.403 139.675
202.832 139.675
203.262 139.675
203.714 132.512
204.156 135.999
204.597 135.999
205.038 135.999
205.456 143.555
205.862 147.656
206.28 143.555
206.698 143.555
207.139 135.999
207.592 132.512
208.033 135.999
208.475 135.999
208.916 135.999
209.334 143.555
209.763 139.675
210.193 139.675
210.622 139.675
211.052 139.675
211.482 139.675
211.911 139.675
212.341 139.675
212.77 139.675
213.2 139.675
213.629 139.675
214.059 139.675
214.489 139.675
214.941 132.512
215.382 135.999
215.824 135.999
216.242 143.555
216.671 139.675
217.101 139.675
217.53 139.675
217.96 139.675
218.389 139.675
218.819 139.675
219.249 139.675
219.678 139.675
220.108 139.675
220.537 139.675
220.967 139.675
221.396 139.675
221.826 139.675
222.256 139.675
222.708 132.512
223.15 135.999
223.591 135.999
224.009 143.555
224.438 139.675
224.868 139.675
225.297 139.675
225.727 139.675
226.157 139.675
226.586 139.675
227.016 139.675
227.445 139.675
227.875 139.675
228.304 139.675
228.734 139.675
229.164 139.675
229.593 139.675
230.023 139.675
230.475 132.512
230.917 135.999
231.358 135.999
231.776 143.555
232.205 139.675
232.635 139.675
233.064 139.675
233.494 139.675
233.924 139.675
234.353 139.675
234.783 139.675
235.212 139.675
235.642 139.675
236.071 139.675
236.501 139.675
236.931 139.675
237.383 132.512
237.825 135.999
238.266 135.999
238.684 143.555
239.113 139.675
239.543 139.675
239.972 139.675
240.402 139.675
240.832 139.675
241.261 139.675
241.691 139.675
242.12 139.675
242.55 139.675
242.979 139.675
243.409 139.675
243.839 139.675
244.291 132.512
244.733 135.999
245.174 135.999
245.592 143.555
246.021 139.675
246.451 139.675
246.88 139.675
247.31 139.675
247.74 139.675
248.169 139.675
248.599 139.675
249.028 139.675
249.458 139.675
249.887 139.675
250.317 139.675
250.746 139.675
251.176 139.675
251.629 132.512
252.07 135.999
252.511 135.999
252.929 143.555
253.359 139.675
253.788 139.675
254.218 139.675
254.647 139.675
255.077 139.675
255.507 139.675
255.936 139.675
256.366 139.675
256.795 139.675
257.225 139.675
257.654 139.675
258.107 132.512
258.548 135.999
258.99 135.999
259.408 143.555
259.837 139.675
260.267 139.675
260.696 139.675
261.126 139.675
261.555 139.675
261.985 139.675
262.415 139.675
262.844 139.675
263.274 139.675
263.703 139.675
264.133 139.675
264.562 139.675
264.992 139.675
265.421 139.675
265.851 139.675
266.281 139.675
266.733 132.512
267.175 135.999
267.616 135.999
268.034 143.555
268.463 139.675
268.893 139.675
269.322 139.675
269.752 139.675
270.182 139.675
270.611 139.675
271.041 139.675
271.47 139.675
271.9 139.675
272.329 139.675
272.759 139.675
273.189 139.675
273.618 139.675
274.048 139.675
274.5 132.512
274.942 135.999
275.383 135.999
275.824 135.999
276.265 135.999
276.706 135.999
277.124 143.555
277.531 147.656
277.949 143.555
278.367 143.555
278.808 135.999
279.237 139.675
279.667 139.675
280.097 139.675
280.526 139.675
280.956 139.675
281.408 132.512
281.85 135.999
282.291 135.999
282.709 143.555
283.138 139.675
283.568 139.675
283.997 139.675
284.427 139.675
284.857 139.675
285.286 139.675
285.716 139.675
286.145 139.675
286.575 139.675
287.004 139.675
287.434 139.675
287.887 132.512
288.328 135.999
288.769 135.999
289.187 143.555
289.617 139.675
290.046 139.675
290.476 139.675
290.905 139.675
291.335 139.675
291.765 139.675
292.194 139.675
292.624 139.675
293.053 139.675
293.483 139.675
293.912 139.675
294.342 139.675
294.772 139.675
295.224 132.512
295.665 135.999
296.107 135.999
296.525 143.555
296.954 139.675
297.384 139.675
297.813 139.675
298.243 139.675
298.672 139.675
299.102 139.675
299.532 139.675
299.961 139.675
300.391 139.675
300.82 139.675
301.25 139.675
301.679 139.675
302.109 139.675
302.562 132.512
303.003 135.999
303.444 135.999
303.862 143.555
304.292 139.675
304.721 139.675
305.151 139.675
305.58 139.675
306.01 139.675
306.44 139.675
306.869 139.675
307.299 139.675
307.728 139.675
308.158 139.675
308.587 139.675
309.017 139.675
309.447 139.675
309.899 132.512
310.34 135.999
310.782 135.999
311.2 143.555
311.629 139.675
312.059 139.675
312.488 139.675
312.918 139.675
313.347 139.675
313.777 139.675
314.207 139.675
314.636 139.675
315.066 139.675
315.495 139.675
315.925 139.675
316.354 139.675
316.807 132.512
317.248 135.999
317.69 135.999
318.108 143.555
318.537 139.675
318.967 139.675
319.396 139.675
319.826 139.675
320.255 139.675
320.685 139.675
321.115 139.675
321.544 139.675
321.974 139.675
322.403 139.675
322.833 139.675
323.262 139.675
323.692 139.675
324.145 132.512
324.586 135.999
325.027 135.999
325.445 143.555
325.875 139.675
326.304 139.675
326.734 139.675
327.163 139.675
327.593 139.675
328.022 139.675
328.452 139.675
328.882 139.675
329.311 139.675
329.741 139.675
330.17 139.675
330.6 139.675
331.029 139.675
331.482 132.512
331.923 135.999
332.365 135.999
332.783 143.555
333.212 139.675
333.642 139.675
334.071 139.675
334.501 139.675
334.93 139.675
335.36 139.675
335.79 139.675
336.219 139.675
336.649 139.675
337.078 139.675
337.508 139.675
337.937 139.675
338.39 132.512
338.831 135.999
339.273 135.999
339.691 143.555
340.12 139.675
340.55 139.675
340.979 139.675
341.409 139.675
341.838 139.675
342.268 139.675
342.698 139.675
343.127 139.675
343.557 139.675
343.986 139.675
344.416 139.675
344.845 139.675
345.275 139.675
345.728 132.512
346.169 135.999
346.61 135.999
347.028 143.555
347.458 139.675
347.887 139.675
348.317 139.675
348.746 139.675
349.176 139.675
349.605 139.675
350.035 139.675
350.465 139.675
350.894 139.675
351.324 139.675
351.753 139.675
352.183 139.675
352.612 139.675
353.065 132.512
353.506 135.999
353.948 135.999
354.366 143.555
354.795 139.675
355.225 139.675
355.654 139.675
356.084 139.675
356.513 139.675
356.943 139.675
357.373 139.675
357.802 139.675
358.232 139.675
358.661 139.675
359.091 139.675
359.52 139.675
359.95 139.675
360.403 132.512
360.844 135.999
361.285 135.999
361.726 135.999
362.167 135.999
362.609 135.999
363.027 143.555
363.456 139.675
363.886 139.675
364.315 139.675
